number;floor;room#;type;size;service_time;duration;interval;
0;1;0;0;0;0;1000;0;
1;15;3;0;2;1;40.25939623006221;0; 
2;3;4;1;1;1;54.63069374682348;1.09; 
3;12;4;0;1;1;40.424356000618204;1.09; 
4;4;10;1;1;1;41.21628090307009;1.09; 
5;13;17;0;1;1;37.31187659627722;1.09; 
6;4;19;1;1;1;50.62746003946079;1.09; 
7;10;6;0;1;1;48.330326642472166;1.1; 
8;4;7;1;1;1;47.22866382415009;1.09; 
9;14;19;0;2;1;34.78168460110823;1.09; 
10;3;3;1;1;1;40.06865151113172;1.09; 
11;16;5;0;1;1;49.59976465609151;1.09; 
12;2;5;1;1;1;45.50907656394422;1.09; 
13;12;11;0;1;1;38.46708953358366;1.09; 
14;4;13;1;1;1;53.90558963607049;1.09; 
15;14;12;0;1;1;52.460483000064;1.09; 
16;2;16;1;1;1;69.66745705330713;1.09; 
17;10;1;0;1;1;50.90601855584367;1.09; 
18;4;18;1;1;1;58.696857654644674;1.1; 
19;11;18;0;1;1;46.43965670022573;1.09; 
20;3;13;1;2;1;55.22936465504323;1.09; 
21;8;12;0;1;1;45.46218950004432;1.09; 
22;2;18;1;2;1;52.16247081541897;1.09; 
23;16;3;0;2;1;71.56885805804349;1.09; 
24;3;8;1;1;1;58.91036237263242;1.09; 
25;7;24;0;1;1;57.88103854093134;1.09; 
26;2;8;1;1;1;57.780262030028965;1.09; 
27;12;9;0;1;1;64.87872656675859;1.09; 
28;2;13;1;1;1;64.95374944716123;1.09; 
29;8;21;0;1;1;74.7770766048407;1.1; 
30;3;23;1;2;1;64.980773293109;1.09; 
31;12;10;0;1;1;66.81745618103776;1.09; 
32;4;4;1;1;1;71.27434779159734;1.09; 
33;10;15;0;1;1;89.49265454690745;1.09; 
34;4;24;1;2;1;85.31536323296093;1.09; 
35;16;10;0;2;1;83.92206707541416;1.09; 
36;3;2;1;1;1;68.17035169767861;1.09; 
37;9;7;0;1;1;83.68419154556153;1.09; 
38;3;22;1;2;1;78.08572885931684;1.09; 
39;6;24;0;1;1;84.85817539463716;1.09; 
40;3;9;1;1;1;72.69859667609933;1.1; 
41;13;16;0;1;1;73.3062568270187;1.09; 
42;4;22;1;2;1;76.1615076728858;1.09; 
43;8;18;0;1;1;86.32111516339097;1.09; 
44;3;20;1;1;1;92.79923517708531;1.09; 
45;5;12;0;1;1;88.54437298274087;1.09; 
46;4;16;1;1;1;72.08499523585016;1.09; 
47;7;18;0;1;1;94.53972409329982;1.09; 
48;2;6;1;1;1;89.94955624028624;1.09; 
49;10;3;0;1;1;84.91980942439942;1.09; 
50;2;15;1;2;1;82.69818032370867;1.09; 
51;15;13;0;1;1;88.44117145236604;1.1; 
52;3;12;1;1;1;106.00417831307188;1.09; 
53;11;5;0;1;1;88.97806489391121;1.09; 
54;4;2;1;1;1;109.28647853619518;1.09; 
55;7;10;0;2;1;99.83882520450459;1.09; 
56;2;12;1;1;1;106.93881181677376;1.09; 
57;14;8;0;1;1;105.85125127006849;1.09; 
58;3;24;1;1;1;105.36057014409667;1.09; 
59;6;6;0;1;1;111.62386386015908;1.09; 
60;4;9;1;2;1;117.89827427968564;1.09; 
61;6;14;0;1;1;111.6704139235226;1.09; 
62;2;4;1;2;1;112.15184608565954;1.1; 
63;9;21;0;1;1;100.1577770506797;1.09; 
64;3;14;1;2;1;108.12135001148276;1.09; 
65;8;13;0;1;1;110.20754698532029;1.09; 
66;2;19;1;1;1;113.77612736229119;1.09; 
67;8;15;0;1;1;120.1868990020129;1.09; 
68;4;3;1;1;1;126.31501450230137;1.09; 
69;15;9;0;1;1;111.43739792340418;1.09; 
70;3;15;1;1;1;115.4010211214351;1.09; 
71;14;4;0;1;1;103.47167689405481;1.09; 
72;3;21;1;1;1;106.22697421403163;1.09; 
73;10;22;0;1;1;114.24237015050932;1.1; 
74;3;1;1;1;1;126.83620073087425;1.09; 
75;15;1;0;2;1;105.92395450223258;1.09; 
76;2;23;1;1;1;126.74140089597839;1.09; 
77;9;14;0;2;1;134.31869746723055;1.09; 
78;2;22;1;1;1;109.38780829806991;1.09; 
79;6;3;0;1;1;125.75241955007886;1.09; 
80;2;9;1;1;1;121.80475273810202;1.09; 
81;12;8;0;1;1;145.9800317093447;1.09; 
82;4;11;1;1;1;139.5809505864783;1.09; 
83;12;6;0;1;1;144.37683653193045;1.09; 
84;3;19;1;1;1;114.80212432046208;1.1; 
85;5;24;0;1;1;118.97038777132417;1.09; 
86;3;18;1;1;1;125.84649799877067;1.09; 
87;16;14;0;1;1;137.01202213898873;1.09; 
88;2;7;1;1;1;141.58299473921164;1.09; 
89;9;2;0;1;1;123.90167767280869;1.09; 
90;2;17;1;1;1;138.76179346125974;1.09; 
91;9;19;0;1;1;135.276506780958;1.09; 
92;4;23;1;1;1;145.05981421509455;1.09; 
93;5;10;0;1;1;137.32881474902962;1.09; 
94;2;11;1;1;1;126.45120603299242;1.09; 
95;14;18;0;1;1;139.6241689406744;1.1; 
96;3;5;1;1;1;142.50022802208036;1.09; 
97;8;9;0;2;1;125.67659460036148;1.09; 
98;4;15;1;1;1;134.82668660490882;1.09; 
99;12;7;0;1;1;145.95341844413363;1.09; 
100;3;17;1;1;1;137.7708613512749;1.09; 
101;7;15;0;1;1;160.01416973347284;1.09; 
102;2;14;1;1;1;136.51165714596058;1.09; 
103;7;5;0;1;1;152.48674744699397;1.09; 
104;4;17;1;2;1;151.32476105251484;1.09; 
105;14;20;0;1;1;136.64674506308572;1.09; 
106;4;20;1;1;1;160.91228087457188;1.1; 
107;14;1;0;1;1;148.4812070251554;1.09; 
108;3;11;1;1;1;163.89752317569798;1.09; 
109;9;9;0;1;1;169.06175103535202;1.09; 
110;2;10;1;1;1;168.464642200015;1.09; 
