number;floor;room#;type;size;service_time;duration;interval;
0;1;0;0;0;0;1000;0;
1;10;14;0;1;1;21.009674783665286;0; 
2;2;19;1;1;1;51.28202260665489;1.09; 
3;9;3;0;1;1;49.98021934473324;1.09; 
4;4;23;1;1;1;45.042820323227645;1.09; 
5;16;5;0;2;1;41.87921163066719;1.09; 
6;3;13;1;1;1;28.59289908432107;1.09; 
7;10;13;0;1;1;58.361799412660346;1.1; 
8;4;8;1;1;1;34.460262937520014;1.09; 
9;7;1;0;1;1;41.76065511732703;1.09; 
10;4;21;1;1;1;54.15780803299761;1.09; 
11;11;7;0;2;1;43.351917001047454;1.09; 
12;3;10;1;1;1;68.53138018157503;1.09; 
13;5;12;0;2;1;61.066260121961605;1.09; 
14;4;4;1;2;1;62.84835452576098;1.09; 
15;6;4;0;1;1;69.3782304278065;1.09; 
16;3;21;1;1;1;50.947548648807135;1.09; 
17;5;15;0;1;1;59.251015872377295;1.09; 
18;4;19;1;1;1;48.09960778859991;1.1; 
19;12;3;0;1;1;47.61779915246047;1.09; 
20;2;13;1;1;1;50.02653186999825;1.09; 
21;7;16;0;1;1;49.66615913381665;1.09; 
22;3;15;1;1;1;48.585522163480064;1.09; 
23;12;6;0;1;1;66.470505324962;1.09; 
24;4;16;1;2;1;65.90889112792418;1.09; 
25;12;7;0;1;1;72.42467604200263;1.09; 
26;2;6;1;1;1;59.70378114787745;1.09; 
27;10;3;0;1;1;61.532480677386275;1.09; 
28;3;9;1;1;1;85.71669634501326;1.09; 
29;6;9;0;1;1;71.63334107272996;1.1; 
30;4;18;1;1;1;64.87229290681158;1.09; 
31;14;1;0;1;1;75.69588386602562;1.09; 
32;4;15;1;2;1;55.37660429347045;1.09; 
33;7;17;0;1;1;73.30704204329642;1.09; 
34;2;21;1;1;1;59.43286767626258;1.09; 
35;15;3;0;1;1;58.91857947571273;1.09; 
36;3;1;1;1;1;89.65996843254621;1.09; 
37;7;9;0;1;1;83.35327580914486;1.09; 
38;2;4;1;1;1;70.42878657148682;1.09; 
39;5;17;0;1;1;93.46808331736254;1.09; 
40;2;10;1;1;1;93.47858709726353;1.1; 
41;13;19;0;1;1;81.516679650533;1.09; 
42;3;22;1;2;1;85.36830726958107;1.09; 
43;11;17;0;1;1;70.42487925374148;1.09; 
44;4;3;1;2;1;78.65346409178474;1.09; 
45;6;3;0;1;1;89.99158125597577;1.09; 
46;2;15;1;1;1;89.56271539904643;1.09; 
47;7;18;0;1;1;96.02036545136207;1.09; 
48;2;12;1;1;1;96.1789624078225;1.09; 
49;14;17;0;1;1;91.84775728577281;1.09; 
50;3;12;1;1;1;93.11359961570287;1.09; 
51;6;22;0;1;1;91.51124654753879;1.1; 
52;2;3;1;2;1;105.11389877733694;1.09; 
53;11;5;0;1;1;105.15429765009668;1.09; 
54;3;14;1;1;1;105.1053170315134;1.09; 
55;9;2;0;2;1;100.37829842079175;1.09; 
56;3;16;1;1;1;116.15356944055962;1.09; 
57;15;14;0;2;1;103.93506635190143;1.09; 
58;3;6;1;2;1;107.3331187874745;1.09; 
59;15;4;0;1;1;111.53312343713338;1.09; 
60;2;24;1;1;1;93.22740474161378;1.09; 
61;5;5;0;1;1;120.39215208481795;1.09; 
62;2;20;1;1;1;102.48220006270728;1.1; 
63;10;9;0;1;1;131.54919147735097;1.09; 
64;4;1;1;1;1;124.22487282777638;1.09; 
65;13;5;0;1;1;96.12425222969492;1.09; 
66;4;5;1;1;1;119.26408733369809;1.09; 
67;6;18;0;2;1;102.45404164523234;1.09; 
68;2;16;1;2;1;104.28203114335969;1.09; 
69;14;16;0;2;1;105.39436500128195;1.09; 
70;4;2;1;1;1;115.54220128173921;1.09; 
71;6;7;0;1;1;115.72941931717128;1.09; 
72;2;5;1;2;1;111.29210989184982;1.09; 
73;16;12;0;1;1;127.35771539994936;1.1; 
74;4;11;1;1;1;126.6578054928119;1.09; 
75;8;1;0;1;1;118.75906725587555;1.09; 
76;2;11;1;1;1;115.54756297946665;1.09; 
77;12;2;0;1;1;113.83731986547686;1.09; 
78;4;20;1;2;1;145.2697260109362;1.09; 
79;15;6;0;1;1;123.13202311803717;1.09; 
80;3;18;1;1;1;126.25032042169178;1.09; 
81;14;5;0;1;1;151.23737185825016;1.09; 
82;4;14;1;1;1;127.25540880886248;1.09; 
83;7;4;0;2;1;125.7724654927286;1.09; 
84;3;19;1;1;1;126.58215411682335;1.1; 
85;7;8;0;1;1;117.5218371931693;1.09; 
86;4;6;1;1;1;155.54502418034662;1.09; 
87;14;13;0;1;1;127.72437746091886;1.09; 
88;3;11;1;1;1;146.3560730956418;1.09; 
89;7;10;0;1;1;136.65219108734524;1.09; 
90;3;3;1;1;1;151.8481186278783;1.09; 
91;15;2;0;1;1;143.7616825256782;1.09; 
92;4;10;1;1;1;146.86587220220017;1.09; 
93;9;1;0;1;1;142.75950546568774;1.09; 
94;2;7;1;1;1;150.91919125751954;1.09; 
95;15;10;0;2;1;146.47112818476387;1.1; 
96;3;24;1;2;1;143.87990337648264;1.09; 
97;11;6;0;1;1;166.133307966859;1.09; 
98;3;20;1;1;1;143.35786956866585;1.09; 
99;7;19;0;2;1;141.40163728102706;1.09; 
100;3;23;1;1;1;159.746877807371;1.09; 
101;13;9;0;1;1;136.30552405202647;1.09; 
102;3;7;1;1;1;159.6629572776156;1.09; 
103;16;15;0;1;1;143.4507255451014;1.09; 
104;4;12;1;1;1;157.36653522376002;1.09; 
105;8;18;0;2;1;144.1085408132784;1.09; 
106;2;1;1;2;1;159.2902045011005;1.1; 
107;10;24;0;1;1;151.81075757710997;1.09; 
108;4;13;1;1;1;146.9040397826027;1.09; 
109;9;11;0;2;1;147.87157740393644;1.09; 
110;3;4;1;1;1;157.04488591183832;1.09; 
